F-Score Mean: 0.738727 
95.0 confidence interval: 70.2 and 77.9 
Precision: 0.6789473684210526 0.6772486772486772 0.6428571428571429 0.6829268292682927 0.6647727272727273
Recall: 0.8012422360248447 0.8421052631578947 0.7659574468085106 0.9150326797385621 0.8013698630136986
F-Score: 0.7350427350427351 0.750733137829912 0.6990291262135921 0.782122905027933 0.7267080745341614
