F-Score Mean: 0.737143 
95.0 confidence interval: 70.0 and 77.7 
Precision: 0.673469387755102 0.6756756756756757 0.6390532544378699 0.6847290640394089 0.6647727272727273
Recall: 0.8198757763975155 0.8223684210526315 0.7659574468085106 0.9084967320261438 0.8013698630136986
F-Score: 0.7394957983193278 0.7418397626112758 0.6967741935483872 0.7808988764044944 0.7267080745341614
