F-Score Mean: 0.735272 
95.0 confidence interval: 69.8 and 77.5 
Precision: 0.6770833333333334 0.6756756756756757 0.6407185628742516 0.6813725490196079 0.6610169491525424
Recall: 0.8074534161490683 0.8223684210526315 0.7588652482269503 0.9084967320261438 0.8013698630136986
F-Score: 0.7365439093484418 0.7418397626112758 0.6948051948051948 0.7787114845938374 0.7244582043343654
